的::de#3:3,4,2,1,2,1,1,0,:6:2
一::yī#1:0,:1:0
壹::yī#3:1,2,0,1,2,2,4,2,2,2,:9:1
是::shì#2:3,3,2,2,1,3,1,1,2,:7:2
了::le#1:0,:0:1
我::wǒ#2:1,3,2,1,2,1,0,:5:2
在::zài#2:2,1,1,1,2,1,:5:1
有::yǒu#1:3,1,4,4,2,2,:4:2
他::tā#2:1,1,1,2,1,:2:3
不::bù#1:1,3,2,2,:3:1
我::wǒ#2:1,3,2,2,1,0,1,:6:1
在::zài#2:2,1,1,1,2,1,:4:2
有::yǒu#1:3,1,4,4,2,2,:2:4
他::zhè#2:1,2,1,2,1,:2:3
这::tā#4:0,0,2,2,2,0,:4:2
来::láishàng#3:1,4,3,0,0,3,3,:6:1
上::lái#1:2,1,1,:1:2
国::gè#3:2,2,2,1,3,1,1,0,:4:4
个::guó#2:1,1,0,:2:1
的::yī#3:4,4,3,2,1,1,1,0,:5:3
壹::de#3:1,2,1,2,2,2,2,1,1,2,:5:5
是::rén#2:3,3,2,2,1,3,1,1,2,:6:3
人::shì#1:1,1,:1:1
在::zài#2:2,1,1,1,2,1,:3:3
他::tā#2:1,1,1,2,1,:1:4
这::zhè#4:0,0,1,2,1,0,:4:2
這::zhè#7:0,0,0,0,0,0,2,2,2,:8:1
中::zhōng#1:3,3,4,2,:1:3
大::dà#1:2,2,2,:2:1
国::guó#3:2,2,2,1,2,1,3,0,:6:2
个::men#2:1,1,0,:3:0
说::wèi#3:0,0,2,4,4,1,1,1,1,:4:5
们::gè#4:1,1,0,0,0,:4:1
为::shuō#2:2,1,0,1,:2:2
子::zǐ#1:1,1,:1:1
和::chū#2:1,4,3,3,3,2,2,2,:6:2
你::nǐ#4:1,1,1,2,1,0,0,:4:3
地::dì#2:1,2,1,1,2,1,:3:3
出::héchū#2:1,2,1,0,:1:3
道::dào#3:0,0,3,1,1,2,3,4,2,2,:9:1
也::yě#1:1,2,2,:1:2
也::yě#1:2,1,1,:1:2
时::shí#3:3,3,2,2,1,1,0,:6:1
也::yě#1:1,2,1,:0:3
时::shí#3:3,3,3,2,1,1,0,:5:2
得::de#5:0,1,1,3,3,2,2,1,2,1,0,:7:4
那::nà#2:3,3,2,2,2,2,:2:4
要::yào#1:2,3,3,2,4,6,3,2,2,:4:5
下::zì#1:1,2,1,:1:2
以::yǐ#3:1,1,0,1,1,:5:0
生::huì#1:2,3,1,1,1,:4:1
会::shēng#3:1,1,0,1,2,1,:5:1
自::xià#1:5,4,2,2,1,2,:4:2