﻿的::de#3:1,3,4,2,2,1,1,0,:1:7
一::yī#1:0,:0:1
是::shì#2:3,3,2,2,1,3,1,1,2,:3:6
不::bù#1:1,3,2,2,:1:3
了::le#1:0,:0:1
人::rén#1:1,1,:0:2
我::wǒ#2:1,3,2,2,0,1,1,:2:5
在::zài#2:2,1,1,1,2,1,:1:5
有::yǒu#1:3,1,4,4,2,2,:0:6
他::tā#2:1,1,1,2,1,:0:5
这::zhè#4:0,0,0,1,2,1,:1:5
中::zhōng#1:2,3,3,2,:0:4
大::dà#1:2,2,2,:1:2
来::lái#3:1,4,3,0,0,3,3,:2:5
上::shàng#1:2,1,1,:0:3
国::guó#3:2,2,1,1,1,3,0,2,:2:6
个::gè#2:1,1,0,:0:3
到::dào#4:1,2,1,1,2,1,0,0,:4:4
说::shuō#5:0,0,0,0,2,2,4,1,1,:1:8
们::men#4:1,1,0,0,0,:0:5
为::wèi#3:1,1,0,0,:0:4
子::zǐ#1:1,1,:0:2
和::hé#2:1,4,3,3,3,2,2,2,:1:7
你::nǐ#4:1,1,1,2,1,0,0,:1:6
地::dì#2:1,2,1,1,2,1,:1:5
出::chū#1:1,3,1,2,1,3,1,:0:7
道::dào#5:0,0,0,0,1,2,4,5,2,2,2,:4:7
也::yě#1:1,2,1,:1:2
时::shí#3:3,3,2,2,1,1,0,:3:4
得::de#5:0,1,1,3,3,2,2,1,2,1,0,:2:9
就::jiù#8:0,0,2,2,3,1,0,0,1,1,0,0,:1:11
那::nà#2:3,3,2,2,1,1,:2:4
要::yào#2:2,3,3,2,4,4,2,2,2,:1:8
下::xià#1:1,2,1,:1:2
以::yǐ#3:1,1,0,1,1,:1:4
生::shēng#1:1,2,3,1,1,:1:4
会::huì#3:1,1,0,1,2,1,:1:5
自::zì#1:4,5,1,2,2,2,:1:5
着::zhe#4:0,0,1,1,3,2,1,4,4,2,2,2,:1:11
去::qù#1:1,3,1,2,1,:0:5
之::zhī#2:0,0,:0:2
过::guò#4:0,0,1,1,0,:0:5
家::jiā#3:1,1,0,1,2,4,1,2,3,1,:1:9
学::xué#5:1,1,0,0,0,1,1,:1:6
对::duì#3:1,1,0,1,1,:1:4
可::kě#2:1,1,2,2,2,:1:4
她::tā#2:1,1,1,2,1,:0:5
里::lǐ#1:3,4,3,3,5,1,1,:1:6
后::hòu#2:2,1,1,2,2,2,:3:3
小::xiǎo#3:0,0,0,:0:3
么::me/mo#2:0,1,1,:1:2
心::xīn#4:0,0,0,0,:0:4
多::duō#3:2,0,2,2,2,2,2,:1:6
天::tiān#1:1,3,2,2,:0:4
而::ér#1:1,2,1,4,1,1,:0:6
能::néng#4:1,1,1,1,1,1,3,3,2,2,:1:9
好::hǎo#2:2,2,2,1,1,:1:4
都::dōu#2:1,2,2,3,4,4,2,2,1,1,:3:7
然::rán#8:2,1,1,0,2,2,2,0,0,0,0,0,:2:10
没::méi#5:0,0,0,1,1,1,1,:1:6
日::rì#1:3,3,2,2,:1:3
于::yú#1:1,2,1,:1:2
起::qǐ#2:1,2,2,2,2,1,4,1,1,:1:8
还::hái#3:0,0,1,3,2,2,:2:4
发::fā#2:1,3,2,2,0,:0:5
成::chéng#2:2,2,1,0,1,:0:5
事::shì#1:1,6,2,3,3,3,2,2,:1:7
只::zhǐ#3:2,2,2,0,0,:0:5
作::zuò#2:1,1,1,2,3,1,1,:1:6
当::dāng#3:3,1,1,0,1,0,:1:5
想::xiǎng#6:3,3,3,3,4,4,2,2,2,0,0,0,0,:0:13
看::kàn#1:1,5,1,1,5,5,2,2,2,:1:8
文::wén#2:1,2,1,0,:0:4
无::wú#2:1,2,1,0,:1:3
开::kāi#1:2,2,2,2,:2:2
手::shǒu#1:1,1,1,3,:1:3
十::shí#1:1,1,:0:2
用::yòng#1:3,4,3,3,3,:1:4
主::zhǔ#2:1,1,1,3,0,:0:5
行::xíng#4:0,1,1,0,1,1,:1:5
方::fāng#2:1,0,2,1,:0:4
又::yòu#1:1,1,:0:2
如::rú#2:1,1,2,2,2,:1:4
前::qián#6:0,0,0,3,3,2,2,0,0,:3:6
所::suǒ#2:1,3,2,2,2,1,2,1,:1:7
本::běn#1:3,4,3,3,1,:0:5
见::jiàn#3:1,1,0,0,:0:4
经::jīng#4:1,1,0,1,1,1,2,1,:0:8
头::tóu#4:0,0,1,1,0,:2:3
面::miàn#1:1,2,2,5,4,4,4,2,2,:0:9
公::gōng#3:0,1,1,0,:1:3
同::tóng#3:1,1,0,2,2,2,:1:5
三::sān#3:0,0,0,:0:3
已::yǐ#1:1,1,2,:0:3
老::lǎo#1:1,2,2,2,2,1,:2:4
从::cóng#2:1,1,1,1,:0:4
动::dòng#3:0,1,2,1,1,1,:1:5
两::liǎng#1:2,3,1,3,1,1,3,:1:6
长::cháng#1:2,2,1,1,:1:3
知::zhī#2:1,2,3,1,1,2,2,2,:1:7
民::mín#1:3,2,3,2,2,:0:5
样::yàng#4:3,3,3,3,1,0,0,3,1,1,:1:9
现::xiàn#4:1,3,1,1,1,1,0,0,:2:6
分::fēn#3:0,0,1,1,:0:4
将::jiāng#9:0,0,0,0,0,0,0,1,1,0,:2:8
外::wài#3:1,1,0,1,1,:1:4
但::dàn#3:1,1,3,3,2,2,0,:0:7
身::shēn#1:4,6,2,2,3,1,2,:2:5
些::xiē#4:1,2,2,1,1,1,0,0,:3:5
与::yǔ#1:2,1,2,1,:2:2
高::gāo#5:0,0,2,2,2,1,1,2,2,2,:4:6
意::yì#7:2,0,2,2,2,3,3,2,2,0,0,0,0,:1:12
进::jìn#3:0,0,2,2,2,2,:2:4
把::bǎ#2:2,1,1,2,3,3,2,:1:6
法::fǎ#4:0,0,0,3,1,1,2,1,:2:6
此::cǐ#2:1,2,2,1,1,1,:1:5
实::shí#6:1,1,0,0,0,1,1,0,:1:7
回::huí#2:2,2,2,2,2,2,:2:4
二::èr#2:0,0,:0:2
理::lǐ#2:1,3,1,1,3,4,3,3,5,1,1,:6:5
美::měi#4:1,0,0,3,1,1,2,2,2,:5:4
点::diǎn#5:2,1,2,3,2,0,0,0,0,:4:5
月::yuè#1:3,3,2,2,:1:3
明::míng#2:3,3,2,2,3,3,2,2,:4:4
其::qí#3:2,4,4,2,2,2,0,0,:2:6
种::zhǒng#2:1,4,3,3,3,2,3,3,2,:3:6
声::shēng#2:1,2,1,2,3,3,2,:3:4
全::quán#2:1,1,1,3,1,1,:3:3
工::gōng#1:1,2,1,:1:2
己::jǐ#1:1,2,1,:1:2
话::huà#3:0,0,1,3,1,2,3,2,:3:5
儿::ér#2:0,0,:0:2
者::zhě#1:1,2,2,3,4,4,2,2,:2:6
向::xiàng#2:1,2,1,2,2,2,:0:6
情::qíng#4:0,1,1,1,1,1,3,3,3,2,2,:1:10
部::bù#7:0,0,0,0,0,2,2,2,1,1,:0:10
正::zhèng#1:1,3,1,1,2,:4:1
名::míng#1:2,3,1,3,3,2,:1:5
定::dìng#3:1,1,0,1,3,1,1,2,:4:4
女::nǚ#1:2,2,2,:1:2
问::wèn#4:0,0,0,2,2,2,:3:3
力::lì#1:1,1,:0:2
机::jī#3:3,3,3,3,0,1,1,:2:5
给::gěi#5:1,1,0,1,1,0,2,2,2,:1:8
等::děng#6:1,1,0,1,1,0,1,2,2,2,1,0,:5:7
几::jī#1:1,1,:0:2
很::hěn#4:0,1,1,3,3,2,2,1,1,:0:9
业::yè#3:2,1,1,0,0,:4:1
最::zuì#3:3,3,2,2,2,4,4,2,2,2,1,1,:1:11
间::jiān#4:0,0,0,3,3,2,2,:4:3
新::xīn#4:0,0,1,1,3,4,3,3,3,2,1,2,1,:4:9
什::shén#2:1,1,1,1,:0:4
打::dǎ#2:1,1,2,1,1,:0:5
便::biàn#2:1,1,1,5,3,4,3,3,1,:2:7
位::wèi#2:1,1,3,1,2,2,2,:0:7
因::yīn#2:2,2,2,2,2,2,:0:6
重::zhòng#1:1,7,1,3,4,3,3,1,1,:2:7
被::bèi#3:0,2,2,3,1,1,2,2,2,1,:0:10
走::zǒu#1:1,4,1,1,1,2,:2:4
电::diàn#1:3,4,3,3,3,:1:4
四::sì#1:3,4,2,2,1,:0:5
第::dì#5:1,1,0,1,1,0,2,3,2,3,4,2,:0:12
门::mén#3:0,0,0,:1:2
相::xiāng#2:3,3,3,3,4,4,2,2,2,:1:8
次::cì#4:0,0,1,1,1,1,:2:4
东::dōng#3:1,2,1,0,0,:1:4
政::zhèng#2:1,3,1,2,1,2,2,2,2,:2:7
海::hǎi#7:0,0,0,1,1,3,3,2,2,0,0,:2:9
口::kǒu#1:2,2,2,:0:3
使::shǐ#2:1,1,1,4,2,3,3,1,:1:7
教::jiāo#2:1,2,2,2,2,1,2,3,2,3,:1:9
西::xī#1:2,3,2,3,4,2,:2:4
再::zài#1:1,4,3,4,3,3,:2:4
平::píng#3:1,2,1,0,0,:2:3
真::zhēn#3:1,2,5,6,2,2,2,2,0,0,:2:8
听::tīng#2:2,2,2,1,2,2,1,:0:7
世::shì#1:2,1,3,2,2,2,:2:4
气::qì#3:1,1,0,0,:1:3
信::xìn#6:1,1,0,0,0,0,2,2,2,:1:8
北::běi#2:1,2,1,1,1,:1:4
少::shǎo#4:0,0,0,0,:1:3
关::guān#1:3,1,1,3,2,2,:2:4
并::bìng#3:2,2,2,2,0,0,:0:6
内::nèi#1:1,2,2,1,:0:4
加::jiā#2:1,1,2,2,2,:2:3
化::huà#2:1,1,1,1,:0:4
由::yóu#1:3,4,3,3,3,:2:3
却::què#2:1,3,1,2,1,1,1,:1:6
代::dài#3:1,1,1,1,0,:1:4
军::jūn#2:1,1,1,2,2,1,:2:4
产::chǎn#5:0,0,0,0,1,1,:2:4
入::rù#1:1,1,:0:2
先::xiān#1:1,2,2,3,1,1,:1:5
山::shān#1:1,3,1,1,:2:2
五::wǔ#1:1,3,2,2,:1:3
太::tài#2:2,2,2,0,:0:4
水::shuǐ#2:0,2,2,2,:1:3
万::wàn#1:1,2,1,:0:3
市::shì#2:1,0,2,1,2,:1:4
眼::yǎn#3:4,4,2,2,2,3,3,2,2,1,1,:2:9
体::tǐ#2:1,1,3,4,3,3,1,:1:6
别::bié#3:2,2,3,2,1,0,0,:1:6
处::chù#3:2,2,2,0,0,:0:5
﻿的::de#3:4,4,2,2,2,1,1,0,:1:7
